0.459274
0.454426
0.449682
0.445041
0.440499
0.436054
0.431703
0.427442
0.423271
0.419186
0.415186
0.411267
0.407428
0.403668
0.399983
0.396372
0.392834
0.389366
0.385968
0.382636
0.379371
0.376169
0.37303
0.369953
0.366935
0.363976
0.361075
0.358229
0.355438
0.3527
0.350015
0.347382
0.344798
0.342263
0.339777
0.337337
0.334944
0.332596
0.330291
0.32803
0.325812
0.323634
0.321498
0.319401
0.317343
0.315323
0.313341
0.311395
0.309485
0.30761
0.305769
0.303963
0.302189
0.300448
0.298738
0.29706
0.295412
0.293794
0.292206
0.290646
0.289114
0.28761
0.286133
0.284682
0.283258
0.281859
0.280485
0.279135
0.27781
0.276508
0.275229
0.273973
0.272739
0.271526
0.270336
0.269166
0.268016
0.266887
0.265777
0.264687
0.263616
0.262564
0.26153
0.260513
0.259514
0.258533
0.257568
0.25662
0.255689
0.254773
0.253873
0.252988
0.252118
0.251263
0.250423
0.249597
0.248784
0.247986
0.247201
0.246428
0.245669
0.244923
0.244189
0.243467
0.242757
0.242059
0.241372
0.240697
0.240033
0.23938
0.238737
0.238105
0.237483
0.236871
0.236269
0.235677
0.235094
0.234521
0.233956
0.233401
0.232855
0.232317
0.231788
0.231267
0.230755
0.23025
0.229753
0.229264
0.228783
0.228309
0.227843
0.227383
0.226931
0.226486
0.226047
0.225615
0.22519
0.224771
0.224358
0.223952
0.223551
0.223157
0.222768
0.222386
0.222008
0.221637
0.221271
0.22091
0.220554
0.220204
0.219859
0.219518
0.219183
0.218852
0.218526
0.218205
0.217888
0.217575
0.217267
0.216963
0.216664
0.216368
0.216077
0.21579
0.215506
0.215227
0.214951
0.214679
0.21441
0.214145
0.213884
0.213626
0.213372
0.213121
0.212873
0.212628
0.212386
0.212148
0.211913
0.21168
0.211451
0.211224
0.211001
0.21078
0.210562
0.210346
0.210133
0.209923
0.209716
0.20951
0.209308
0.209107
0.20891
0.208714
0.208521
0.20833
0.208141
0.207955
0.20777
0.207588
0.207408
0.20723
0.207053
0.206879
0.206707
0.206537
0.206368
0.206201
0.206037
0.205874
0.205712
0.205553
0.205395
0.205239
0.205084
0.204931
0.20478
0.20463
0.204481
0.204335
0.204189
0.204046
0.203903
0.203762
0.203622
0.203484
0.203347
0.203212
0.203077
0.202944
0.202812
0.202682
0.202553
0.202424
0.202298
0.202172
0.202047
0.201924
0.201801
0.20168
0.20156
0.20144
0.201322
0.201205
0.201089
0.200974
0.20086
0.200746
0.200634
0.200523
0.200412
0.200303
0.200194
0.200086
0.199979
0.199873
0.199768
0.199664
0.19956
0.199457
0.199355
0.199254
0.199154
0.199054
0.198955
0.198857
0.198759
0.198662
0.198566
0.198471
0.198376
0.198282
0.198188
0.198096
0.198003
0.197912
0.197821
0.197731
0.197641
0.197552
0.197464
0.197376
0.197288
0.197202
0.197115
0.19703
0.196945
0.19686
0.196776
0.196693
0.196609
0.196527
0.196445
0.196363
0.196282
0.196202
0.196122
0.196042
0.195963
0.195884
0.195806
0.195728
0.195651
0.195574
0.195498
0.195421
0.195346
0.195271
0.195196
0.195121
0.195047
0.194974
0.1949
0.194827
0.194755
0.194683
0.194611
0.19454
0.194469
0.194398
0.194328
0.194258
0.194188
0.194119
0.19405
0.193981
0.193913
0.193845
0.193777
0.19371
0.193643
0.193576
0.19351
0.193443
0.193378
0.193312
0.193247
0.193182
0.193117
0.193053
0.192989
0.192925
0.192862
0.192798
0.192735
0.192673
0.19261
0.192548
0.192486
0.192424
0.192363
0.192302
0.192241
0.19218
0.19212
0.19206
0.192
0.19194
0.19188
0.191821
0.191762
0.191703
0.191645
0.191587
0.191528
0.191471
0.191413
0.191355
0.191298
0.191241
0.191184
0.191128
0.191071
0.191015
0.190959
0.190903
0.190848
0.190793
0.190737
0.190682
0.190628
0.190573
0.190519
0.190464
0.19041
0.190356
0.190303
0.190249
0.190196
0.190143
0.19009
0.190037
0.189985
0.189932
0.18988
0.189828
0.189776
0.189724
0.189673
0.189621
0.18957
0.189519
0.189468
0.189417
0.189367
0.189316
0.189266
0.189216
0.189166
0.189116
0.189067
0.189017
0.188968
0.188919
0.18887
0.188821
0.188772
0.188724
0.188675
0.188627
0.188579
0.188531
0.188483
0.188435
0.188388
0.18834
0.188293
0.188246
0.188199
0.188152
0.188105
0.188059
0.188012
0.187966
0.18792
0.187874
0.187828
0.187782
0.187736
0.187691
0.187645
0.1876
0.187555
0.18751
0.187465
0.18742
0.187376
0.187331
0.187287
0.187243
0.187198
0.187154
0.187111
0.187067
0.187023
0.18698
0.186936
0.186893
0.18685
0.186807
0.186764
0.186721
0.186678
0.186636
0.186593
0.186551
0.186508
0.186466
0.186424
0.186382
0.186341
0.186299
0.186257
0.186216
0.186174
0.186133
0.186092
0.186051
0.18601
0.185969
0.185928
0.185888
0.185847
0.185807
0.185767
0.185726
0.185686
0.185646
0.185607
0.185567
0.185527
0.185487
0.185448
0.185409
0.185369
0.18533
0.185291
0.185252
0.185213
0.185175
0.185136
0.185097
0.185059
0.18502
0.184982
0.184944
0.184906
0.184868
0.18483
0.184792
0.184754
0.184717
0.184679
0.184642
0.184604
0.184567
0.18453
0.184493
0.184456
0.184419
0.184382
0.184346
0.184309
0.184273
0.184236
0.1842
0.184164
0.184127
0.184091
0.184055
0.18402
0.183984
0.183948
0.183912
0.183877
0.183841
0.183806
0.183771
0.183736
0.1837
0.183665
0.18363
0.183596
0.183561
0.183526
0.183492
0.183457
0.183423
0.183388
0.183354
0.18332
0.183286
0.183252
0.183218
0.183184
0.18315
0.183116
0.183083
0.183049
0.183016
0.182983
0.182949
0.182916
0.182883
0.18285
0.182817
0.182784
0.182751
0.182718
0.182686
0.182653
0.182621
0.182588
0.182556
0.182524
0.182491
0.182459
0.182427
0.182395
0.182363
0.182332
0.1823
0.182268
0.182237
0.182205
0.182174
0.182142
0.182111
0.18208
0.182049
0.182018
0.181987
0.181956
0.181925
0.181894
0.181863
0.181833
0.181802
0.181772
0.181741
0.181711
0.181681
0.18165
0.18162
0.18159
0.18156
0.18153
0.1815
0.181471
0.181441
0.181411
0.181382
0.181352
0.181323
0.181293
0.181264
0.181235
0.181206
0.181177
0.181148
0.181119
0.18109
0.181061
0.181032
0.181004
0.180975
0.180946
0.180918
0.180889
0.180861
0.180833
0.180805
0.180776
0.180748
0.18072
0.180692
0.180664
0.180637
0.180609
0.180581
0.180554
0.180526
0.180498
0.180471
0.180444
0.180416
0.180389
0.180362
0.180335
0.180308
0.180281
0.180254
0.180227
0.1802
0.180173
0.180147
0.18012
0.180093
0.180067
0.18004
0.180014
0.179988
0.179961
0.179935
0.179909
0.179883
0.179857
0.179831
0.179805
0.179779
0.179754
0.179728
0.179702
0.179677
0.179651
0.179625
0.1796
0.179575
0.179549
0.179524
0.179499
0.179474
0.179449
0.179424
0.179399
0.179374
0.179349
0.179324
0.179299
0.179275
0.17925
0.179226
0.179201
0.179177
0.179152
0.179128
0.179104
0.179079
0.179055
0.179031
0.179007
0.178983
0.178959
0.178935
0.178911
0.178888
0.178864
0.17884
0.178817
0.178793
0.178769
0.178746
0.178723
0.178699
0.178676
0.178653
0.178629
0.178606
0.178583
0.17856
0.178537
0.178514
0.178491
0.178469
0.178446
0.178423
0.1784
0.178378
0.178355
0.178333
0.17831
0.178288
0.178266
0.178243
0.178221
0.178199
0.178177
0.178154
0.178132
0.17811
0.178088
0.178067
0.178045
0.178023
0.178001
0.177979
0.177958
0.177936
0.177915
0.177893
0.177872
0.17785
0.177829
0.177808
0.177786
0.177765
0.177744
0.177723
0.177702
0.177681
0.17766
0.177639
0.177618
0.177597
0.177576
0.177556
0.177535
0.177514
0.177494
0.177473
0.177453
0.177432
0.177412
0.177392
0.177371
0.177351
0.177331
0.177311
0.17729
0.17727
0.17725
0.17723
0.17721
0.17719
0.177171
0.177151
0.177131
0.177111
0.177092
0.177072
0.177052
0.177033
0.177013
0.176994
0.176975
0.176955
0.176936
0.176917
0.176897
0.176878
0.176859
0.17684
0.176821
0.176802
0.176783
0.176764
0.176745
0.176726
0.176708
0.176689
0.17667
0.176651
0.176633
0.176614
0.176596
0.176577
0.176559
0.17654
0.176522
0.176504
0.176485
0.176467
0.176449
0.176431
0.176413
0.176394
0.176376
0.176358
0.17634
0.176323
0.176305
0.176287
0.176269
0.176251
0.176234
0.176216
0.176198
0.176181
0.176163
0.176146
0.176128
0.176111
0.176093
0.176076
0.176059
0.176041
0.176024
0.176007
0.17599
0.175973
0.175956
0.175939
0.175921
0.175905
0.175888
0.175871
0.175854
0.175837
0.17582
0.175804
0.175787
0.17577
0.175754
0.175737
0.17572
0.175704
0.175687
0.175671
0.175655
0.175638
0.175622
0.175606
0.175589
0.175573
0.175557
0.175541
0.175525
0.175509
0.175493
0.175477
0.175461
0.175445
0.175429
0.175413
0.175397
0.175382
0.175366
0.17535
0.175334
0.175319
0.175303
0.175288
0.175272
0.175257
0.175241
0.175226
0.17521
0.175195
0.17518
0.175164
0.175149
0.175134
0.175119
0.175104
0.175089
0.175073
0.175058
0.175043
0.175028
0.175013
0.174999
0.174984
0.174969
0.174954
0.174939
0.174925
0.17491
0.174895
0.174881
0.174866
0.174851
0.174837
0.174822
0.174808
0.174793
0.174779
0.174765
0.17475
0.174736
0.174722
0.174708
0.174693
0.174679
0.174665
0.174651
0.174637
0.174623
0.174609
0.174595
0.174581
0.174567
0.174553
0.174539
0.174525
0.174511
0.174498
0.174484
0.17447
0.174457
0.174443
0.174429
0.174416
0.174402
0.174389
0.174375
0.174362
0.174348
0.174335
0.174322
0.174308
0.174295
0.174282
0.174268
0.174255
0.174242
0.174229
0.174216
0.174203
0.17419
0.174177
0.174164
0.174151
0.174138
0.174125
0.174112
0.174099
0.174086
0.174073
0.174061
0.174048
0.174035
0.174022
0.17401
0.173997
0.173984
0.173972
0.173959
0.173947
0.173934
0.173922
0.173909
0.173897
0.173885
0.173872
0.17386
0.173848
0.173835
0.173823
0.173811
0.173799
0.173787
